1e-15
1 9652.99806123 60.8999552142
9639.31365063 True
2 9639.31365063 60.8419302484
9625.64530861 True
3 9625.64530861 60.7839569535
9611.99302258 True
4 9611.99302258 60.7260352905
9598.35677995 True
5 9598.35677995 60.6681652203
9584.73656811 True
6 9584.73656811 60.6103467041
9571.13237448 True
7 9571.13237448 60.5525797029
9557.54418645 True
8 9557.54418645 60.4948641779
9543.97199142 True
9 9543.97199142 60.4372000901
9530.41577681 True
10 9530.41577681 60.3795874006
9516.87552999 True
11 9516.87552999 60.3220260705
9503.35123839 True
12 9503.35123839 60.2645160611
9489.84288939 True
13 9489.84288939 60.2070573335
9476.3504704 True
14 9476.3504704 60.1496498489
9462.87396881 True
15 9462.87396881 60.0922935685
9449.41337202 True
16 9449.41337202 60.0349884536
9435.96866743 True
17 9435.96866743 59.9777344653
9422.53984244 True
18 9422.53984244 59.9205315649
9409.12688443 True
19 9409.12688443 59.8633797137
9395.72978081 True
20 9395.72978081 59.8062788731
9382.34851896 True
21 9382.34851896 59.7492290042
9368.9830863 True
22 9368.9830863 59.6922300686
9355.6334702 True
23 9355.6334702 59.6352820274
9342.29965806 True
24 9342.29965806 59.578384842
9328.98163728 True
25 9328.98163728 59.5215384739
9315.67939525 True
26 9315.67939525 59.4647428845
9302.39291935 True
27 9302.39291935 59.4079980351
9289.12219699 True
28 9289.12219699 59.3513038872
9275.86721555 True
29 9275.86721555 59.2946604022
9262.62796243 True
30 9262.62796243 59.2380675417
9249.40442502 True
31 9249.40442502 59.181525267
9236.1965907 True
32 9236.1965907 59.1250335398
9223.00444688 True
33 9223.00444688 59.0685923215
9209.82798093 True
34 9209.82798093 59.0122015736
9196.66718025 True
35 9196.66718025 58.9558612579
9183.52203223 True
36 9183.52203223 58.8995713356
9170.39252426 True
37 9170.39252426 58.8433317687
9157.27864372 True
38 9157.27864372 58.7871425185
9144.18037802 True
39 9144.18037802 58.7310035467
9131.09771453 True
40 9131.09771453 58.674914815
9118.03064065 True
41 9118.03064065 58.6188762851
9104.97914376 True
42 9104.97914376 58.5628879186
9091.94321126 True
43 9091.94321126 58.5069496772
9078.92283053 True
44 9078.92283053 58.4510615227
9065.91798896 True
45 9065.91798896 58.3952234167
9052.92867395 True
46 9052.92867395 58.3394353211
9039.95487287 True
47 9039.95487287 58.2836971976
9026.99657313 True
48 9026.99657313 58.2280090079
9014.0537621 True
49 9014.0537621 58.1723707139
9001.12642718 True
50 9001.12642718 58.1167822775
8988.21455576 True
51 8988.21455576 58.0612436604
8975.31813522 True
52 8975.31813522 58.0057548245
8962.43715295 True
53 8962.43715295 57.9503157317
8949.57159635 True
54 8949.57159635 57.8949263439
8936.72145281 True
55 8936.72145281 57.839586623
8923.8867097 True
56 8923.8867097 57.7842965309
8911.06735443 True
57 8911.06735443 57.7290560296
8898.26337439 True
58 8898.26337439 57.673865081
8885.47475695 True
59 8885.47475695 57.6187236471
8872.70148952 True
60 8872.70148952 57.5636316899
8859.94355949 True
61 8859.94355949 57.5085891715
8847.20095424 True
62 8847.20095424 57.4535960539
8834.47366116 True
63 8834.47366116 57.3986522991
8821.76166766 True
64 8821.76166766 57.3437578691
8809.06496111 True
65 8809.06496111 57.2889127262
8796.38352892 True
66 8796.38352892 57.2341168324
8783.71735847 True
67 8783.71735847 57.1793701498
8771.06643717 True
68 8771.06643717 57.1246726405
8758.43075239 True
69 8758.43075239 57.0700242668
8745.81029153 True
70 8745.81029153 57.0154249908
8733.205042 True
71 8733.205042 56.9608747747
8720.61499118 True
72 8720.61499118 56.9063735807
8708.04012647 True
73 8708.04012647 56.8519213711
8695.48043526 True
74 8695.48043526 56.7975181081
8682.93590495 True
75 8682.93590495 56.7431637539
8670.40652294 True
76 8670.40652294 56.6888582709
8657.89227662 True
77 8657.89227662 56.6346016214
8645.3931534 True
78 8645.3931534 56.5803937677
8632.90914066 True
79 8632.90914066 56.5262346721
8620.44022581 True
80 8620.44022581 56.472124297
8607.98639625 True
81 8607.98639625 56.4180626047
8595.54763938 True
82 8595.54763938 56.3640495578
8583.12394259 True
83 8583.12394259 56.3100851185
8570.71529329 True
84 8570.71529329 56.2561692493
8558.32167889 True
85 8558.32167889 56.2023019126
8545.94308678 True
86 8545.94308678 56.148483071
8533.57950436 True
87 8533.57950436 56.0947126869
8521.23091905 True
88 8521.23091905 56.0409907228
8508.89731824 True
89 8508.89731824 55.9873171413
8496.57868934 True
90 8496.57868934 55.9336919048
8484.27501976 True
91 8484.27501976 55.880114976
8471.9862969 True
92 8471.9862969 55.8265863174
8459.71250817 True
93 8459.71250817 55.7731058915
8447.45364099 True
94 8447.45364099 55.7196736611
8435.20968275 True
95 8435.20968275 55.6662895888
8422.98062088 True
96 8422.98062088 55.6129536371
8410.76644278 True
97 8410.76644278 55.5596657688
8398.56713586 True
98 8398.56713586 55.5064259466
8386.38268753 True
99 8386.38268753 55.4532341331
8374.21308522 True
100 8374.21308522 55.400090291
8362.05831634 True
101 8362.05831634 55.3469943832
8349.91836829 True
102 8349.91836829 55.2939463724
8337.79322851 True
103 8337.79322851 55.2409462213
8325.68288439 True
104 8325.68288439 55.1879938927
8313.58732338 True
105 8313.58732338 55.1350893495
8301.50653288 True
106 8301.50653288 55.0822325545
8289.44050031 True
107 8289.44050031 55.0294234705
8277.3892131 True
108 8277.3892131 54.9766620604
8265.35265868 True
109 8265.35265868 54.9239482871
8253.33082445 True
110 8253.33082445 54.8712821135
8241.32369786 True
111 8241.32369786 54.8186635025
8229.33126632 True
112 8229.33126632 54.766092417
8217.35351727 True
113 8217.35351727 54.7135688201
8205.39043813 True
114 8205.39043813 54.6610926746
8193.44201633 True
115 8193.44201633 54.6086639436
8181.5082393 True
116 8181.5082393 54.5562825901
8169.58909448 True
117 8169.58909448 54.5039485772
8157.6845693 True
118 8157.6845693 54.4516618678
8145.7946512 True
119 8145.7946512 54.3994224251
8133.9193276 True
120 8133.9193276 54.3472302121
8122.05858595 True
121 8122.05858595 54.2950851919
8110.21241368 True
122 8110.21241368 54.2429873277
8098.38079825 True
123 8098.38079825 54.1909365826
8086.56372707 True
124 8086.56372707 54.1389329198
8074.76118761 True
125 8074.76118761 54.0869763024
8062.9731673 True
126 8062.9731673 54.0350666936
8051.19965359 True
127 8051.19965359 53.9832040567
8039.44063392 True
128 8039.44063392 53.9313883549
8027.69609575 True
129 8027.69609575 53.8796195514
8015.96602652 True
130 8015.96602652 53.8278976096
8004.25041369 True
131 8004.25041369 53.7762224926
7992.5492447 True
132 7992.5492447 53.7245941639
7980.86250702 True
133 7980.86250702 53.6730125867
7969.19018808 True
134 7969.19018808 53.6214777243
7957.53227537 True
135 7957.53227537 53.5699895402
7945.88875632 True
136 7945.88875632 53.5185479978
7934.25961841 True
137 7934.25961841 53.4671530603
7922.64484908 True
138 7922.64484908 53.4158046913
7911.04443582 True
139 7911.04443582 53.3645028542
7899.45836608 True
140 7899.45836608 53.3132475124
7887.88662732 True
141 7887.88662732 53.2620386294
7876.32920702 True
142 7876.32920702 53.2108761687
7864.78609265 True
143 7864.78609265 53.1597600939
7853.25727167 True
144 7853.25727167 53.1086903684
7841.74273156 True
145 7841.74273156 53.0576669557
7830.2424598 True
146 7830.2424598 53.0066898195
7818.75644386 True
147 7818.75644386 52.9557589234
7807.28467121 True
148 7807.28467121 52.9048742309
7795.82712935 True
149 7795.82712935 52.8540357057
7784.38380575 True
150 7784.38380575 52.8032433114
7772.95468789 True
151 7772.95468789 52.7524970116
7761.53976326 True
152 7761.53976326 52.7017967701
7750.13901935 True
153 7750.13901935 52.6511425505
7738.75244364 True
154 7738.75244364 52.6005343166
7727.38002363 True
155 7727.38002363 52.5499720321
7716.02174681 True
156 7716.02174681 52.4994556607
7704.67760068 True
157 7704.67760068 52.4489851663
7693.34757272 True
158 7693.34757272 52.3985605125
7682.03165044 True
159 7682.03165044 52.3481816633
7670.72982134 True
160 7670.72982134 52.2978485824
7659.44207292 True
161 7659.44207292 52.2475612336
7648.16839269 True
162 7648.16839269 52.197319581
7636.90876814 True
163 7636.90876814 52.1471235882
7625.66318679 True
164 7625.66318679 52.0969732193
7614.43163616 True
165 7614.43163616 52.0468684382
7603.21410374 True
166 7603.21410374 51.9968092087
7592.01057706 True
167 7592.01057706 51.9467954949
7580.82104363 True
168 7580.82104363 51.8968272607
7569.64549097 True
169 7569.64549097 51.8469044701
7558.4839066 True
170 7558.4839066 51.7970270872
7547.33627804 True
171 7547.33627804 51.7471950759
7536.20259282 True
172 7536.20259282 51.6974084004
7525.08283846 True
173 7525.08283846 51.6476670246
7513.97700249 True
174 7513.97700249 51.5979709128
7502.88507245 True
175 7502.88507245 51.5483200288
7491.80703586 True
176 7491.80703586 51.498714337
7480.74288026 True
177 7480.74288026 51.4491538015
7469.6925932 True
178 7469.6925932 51.3996383864
7458.6561622 True
179 7458.6561622 51.3501680559
7447.63357481 True
180 7447.63357481 51.3007427742
7436.62481858 True
181 7436.62481858 51.2513625055
7425.62988106 True
182 7425.62988106 51.202027214
7414.64874978 True
183 7414.64874978 51.1527368641
7403.6814123 True
184 7403.6814123 51.10349142
7392.72785618 True
185 7392.72785618 51.0542908459
7381.78806897 True
186 7381.78806897 51.0051351063
7370.86203824 True
187 7370.86203824 50.9560241654
7359.94975153 True
188 7359.94975153 50.9069579876
7349.05119641 True
189 7349.05119641 50.8579365372
7338.16636045 True
190 7338.16636045 50.8089597786
7327.29523122 True
191 7327.29523122 50.7600276764
7316.43779629 True
192 7316.43779629 50.7111401948
7305.59404322 True
193 7305.59404322 50.6622972983
7294.7639596 True
194 7294.7639596 50.6134989514
7283.947533 True
195 7283.947533 50.5647451186
7273.144751 True
196 7273.144751 50.5160357644
7262.35560118 True
197 7262.35560118 50.4673708533
7251.58007114 True
198 7251.58007114 50.4187503498
7240.81814845 True
199 7240.81814845 50.3701742184
7230.06982071 True
200 7230.06982071 50.3216424239
7219.3350755 True
201 7219.3350755 50.2731549307
7208.61390044 True
202 7208.61390044 50.2247117036
7197.9062831 True
203 7197.9062831 50.176312707
7187.2122111 True
204 7187.2122111 50.1279579057
7176.53167204 True
205 7176.53167204 50.0796472643
7165.86465352 True
206 7165.86465352 50.0313807476
7155.21114315 True
207 7155.21114315 49.9831583202
7144.57112854 True
208 7144.57112854 49.9349799469
7133.94459731 True
209 7133.94459731 49.8868455924
7123.33153707 True
210 7123.33153707 49.8387552215
7112.73193544 True
211 7112.73193544 49.790708799
7102.14578005 True
212 7102.14578005 49.7427062896
7091.57305852 True
213 7091.57305852 49.6947476583
7081.01375847 True
214 7081.01375847 49.6468328698
7070.46786754 True
215 7070.46786754 49.598961889
7059.93537335 True
216 7059.93537335 49.5511346808
7049.41626356 True
217 7049.41626356 49.5033512101
7038.91052579 True
218 7038.91052579 49.4556114417
7028.41814768 True
219 7028.41814768 49.4079153407
nan False
