0.191418966229
0.308940908241
0.345128846877
0.325572336401
0.267000298933
0.187627748748
0.105390289659
0.0348359168217
-0.0151559527326
-0.0420490817428
-0.048708209572
-0.0413573297512
-0.0272012097444
-0.0124252377143
-0.00102361903216
0.00544380444234
0.00736582786205
0.00622706561939
0.00375410713
0.00131304797773
-0.000349898500655
-0.00107266215515
-0.00107192521313
-0.000702315050386
-0.000274501301364
3.09977477318e-05
0.000165731379482
0.00016740187593
0.000104174481281
3.41821015314e-05
-1.1648861095e-05
-2.79057799688e-05
-2.38345423584e-05
-1.20740899359e-05
-1.71996532033e-06
3.60070036736e-06
4.36820784704e-06
2.77254551187e-06
8.40528997185e-07
-3.70488131819e-07
-7.16381931563e-07
-5.29301495327e-07
-2.01265843176e-07
3.16285274127e-08
1.12933452612e-07
9.13331525042e-08
3.74544460626e-08
-3.11742581277e-09
-1.7935717973e-08
-1.47575481318e-08
-5.90543019039e-09
6.68959354779e-10
2.90944627633e-09
2.24860500333e-09
7.91244617466e-10
-1.99085230643e-10
-4.72206523416e-10
-3.18062927647e-10
-8.36688258639e-11
5.16686595353e-11
7.36077358477e-11
4.01607803882e-11
4.79509477671e-12
-1.10632999371e-11
-1.05009368705e-11
-4.16870922464e-12
5.90548676695e-13
1.96820634323e-12
1.29267785033e-12
2.74298515621e-13
-2.55503282218e-13
-2.88587734425e-13
-1.23602327251e-13
1.07701535294e-14
5.13266508422e-14
3.36022707722e-14
6.48933850189e-15
-6.86713892882e-15
-7.00511909562e-15
-2.50246864973e-15
6.95391206208e-16
1.37975689426e-15
7.80343936549e-16
1.78806619984e-16
4.85429098672e-17
2.2123678977e-16
4.89511866268e-16
6.84750572205e-16
7.87977749548e-16
8.25752549248e-16
8.29603323175e-16
7.845938375e-16
7.09039010526e-16
5.79900151797e-16
4.18297545095e-16
2.21407944466e-16
2.63555461369e-17
-1.91932607278e-16
-4.10393712104e-16
-6.01930068152e-16
-7.68650792293e-16
-9.10209140407e-16
-9.9355089072e-16
-9.92621633202e-16
-9.36208305206e-16
-8.14288278535e-16
-6.29704221509e-16
-4.03947078921e-16
-1.706515874e-16
3.02496639483e-17
1.80908446552e-16
2.59739415604e-16
2.6747689903e-16
2.00844186912e-16
7.75121386841e-17
-9.24118096688e-17
-2.8556311761e-16
-4.69101486755e-16
-6.30673237378e-16
-7.4954084226e-16
-8.21976385359e-16
-8.44955522932e-16
-8.19368829463e-16
-7.42733916007e-16
-6.18086513576e-16
-4.43081007112e-16
-2.26784971238e-16
2.12519123543e-17
2.90835470123e-16
5.49999895344e-16
7.9307501911e-16
9.78861774225e-16
1.10267066084e-15
1.151881915e-15
1.13799581601e-15
1.07680021542e-15
9.77248108848e-16
8.81896371702e-16
8.01438758596e-16
7.34987745677e-16
6.97792817256e-16
6.57123468278e-16
6.3147958933e-16
5.8845362885e-16
5.27483597253e-16
4.30041221471e-16
3.13553868483e-16
1.85085587267e-16
5.83007712533e-17
-4.56336683697e-17
-1.09081647042e-16
-1.0805263762e-16
-6.56105744917e-17
3.63840536475e-17
1.72658269636e-16
3.16217293509e-16
4.56784877084e-16
5.45135219123e-16
5.84129322755e-16
5.56433243103e-16
4.74369845989e-16
3.57433378882e-16
2.4961044025e-16
1.84427153176e-16
1.72140419019e-16
2.28416730197e-16
3.23484136387e-16
4.46219714838e-16
5.53696655171e-16
6.07721334245e-16
5.78789883667e-16
4.68669157379e-16
2.77202979741e-16
4.79650422388e-17
-1.87044865726e-16
-3.89323727385e-16
-5.47374739409e-16
-6.50968693959e-16
-7.14986997073e-16
-7.63609923075e-16
-8.11835416225e-16
-8.87648135859e-16
-9.9029572395e-16
-1.10651685422e-15
-1.22341708207e-15
-1.28842919771e-15
-1.28932149139e-15
-1.1984696906e-15
-1.01589499256e-15
-7.61398647579e-16
-4.57941625456e-16
-1.60805145199e-16
8.7089346986e-17
2.39908877248e-16
2.79748193948e-16
2.18521525976e-16
8.57965238447e-17
-7.64570955268e-17
-2.32088099699e-16
-3.33864554904e-16
-3.51004258768e-16
-2.88749156354e-16
-1.37338795415e-16
6.43295024405e-17
3.05441944142e-16
5.49436871879e-16
7.85565354849e-16
9.74232815712e-16
1.10860925227e-15
1.17195890854e-15
1.14696135319e-15
1.03444220484e-15
8.42766761771e-16
5.75135169123e-16
2.61940223521e-16
-7.08559633078e-17
-3.79876170784e-16
-6.51569743713e-16
-8.49336155942e-16
-9.6153433437e-16
-9.7988816822e-16
-9.20844135076e-16
-7.81055333828e-16
-5.8808341247e-16
-3.50105735735e-16
-1.04074095387e-16
1.46542857655e-16
3.65112889701e-16
5.31310882535e-16
6.40209404825e-16
6.64773215021e-16
6.27987978141e-16
5.32903601195e-16
4.08847293415e-16
2.84828183387e-16
1.91467163799e-16
1.57172445465e-16
1.94668661807e-16
2.89398384522e-16
4.34480384908e-16
5.85360540173e-16
7.14673168258e-16
7.85327318986e-16
7.94889393733e-16
7.2702127835e-16
5.89992444562e-16
4.11674115821e-16
2.10229478429e-16
1.34104913937e-17
-1.68265550936e-16
-3.13181060525e-16
-4.20087747593e-16
-4.90006978103e-16
-5.31690448125e-16
-5.41740555429e-16
-5.46661927155e-16
-5.47285199248e-16
-5.44263654609e-16
-5.41665870152e-16
-5.35708194858e-16
-5.11222633124e-16
-4.72056739107e-16
-4.03857097263e-16
-3.0842763096e-16
-1.95976602619e-16
-6.35314497263e-17
8.2987173162e-17
2.27467915857e-16
3.79306671461e-16
5.46797094027e-16
7.40629100476e-16
9.68158865926e-16
1.23102688927e-15
1.53410360847e-15
1.87133112721e-15
2.21562464964e-15
2.55318936546e-15
2.88064107175e-15
3.17894011246e-15
3.4516905366e-15
3.69482194743e-15
3.91258547312e-15
4.10246135565e-15
4.24566692003e-15
4.34849645214e-15
4.36129275195e-15
4.27486557806e-15
4.06253684767e-15
3.73309602059e-15
3.2973878074e-15
2.79391069388e-15
2.26752203762e-15
1.77037270683e-15
1.34177856284e-15
1.01075681635e-15
7.94752251782e-16
6.86904166142e-16
6.73029999681e-16
7.33774587202e-16
8.3343966346e-16
9.42466528767e-16
1.04661399944e-15
1.1371351554e-15
1.1999564796e-15
1.23503163812e-15
1.24333385783e-15
1.22577122224e-15
1.18605307062e-15
1.13487182056e-15
1.10214503132e-15
1.10281443495e-15
1.1659060137e-15
1.30888489098e-15
1.53429954622e-15
1.81854668147e-15
2.10893154508e-15
2.36042007683e-15
2.49786377125e-15
2.46727366823e-15
2.23806794098e-15
1.82252134017e-15
1.25701636489e-15
6.33329978186e-16
3.03277570683e-17
-4.5861518637e-16
-7.77924095733e-16
-8.70501396451e-16
-7.44872109505e-16
-4.39738571364e-16
-2.30701530354e-17
4.38844829594e-16
8.61931698246e-16
1.18292880256e-15
1.37680521053e-15
1.4187076654e-15
1.32774986115e-15
1.114278982e-15
8.25353652854e-16
4.87240335778e-16
1.33185243212e-16
-2.13581729225e-16
-5.41513845374e-16
-8.23268679545e-16
-1.06518692133e-15
-1.2525911471e-15
-1.37893193417e-15
-1.44162278087e-15
-1.42778250359e-15
-1.32149436033e-15
-1.10415899143e-15
-7.70603879612e-16
-3.11230797469e-16
2.63191932778e-16
9.11033857516e-16
1.57947906666e-15
2.2045917701e-15
2.72338850604e-15
3.07452092691e-15
3.22271073954e-15
3.15903083411e-15
2.90171629195e-15
2.50682205094e-15
2.03820677062e-15
1.56526617269e-15
1.14155125606e-15
8.05048800086e-16
5.73566025181e-16
4.21698610097e-16
3.32083061086e-16
2.58944861895e-16
1.93087931918e-16
1.2335236962e-16
7.24358656486e-17
5.53365233649e-17
1.12385731004e-16
2.51551316223e-16
4.81291537278e-16
7.76228533234e-16
1.09277822765e-15
1.38451754758e-15
1.601611207e-15
1.70219709319e-15
1.6815808721e-15
1.55010128757e-15
1.3329729597e-15
1.07181236509e-15
8.09963849662e-16
5.76351027684e-16
3.89738009087e-16
2.61061169313e-16
2.01373338002e-16
2.09239894348e-16
3.07434512688e-16
4.93827837214e-16
7.74086641452e-16
1.13414165309e-15
1.54008495918e-15
1.952025121e-15
2.31883227574e-15
2.5936096851e-15
2.75097685009e-15
2.77997929404e-15
2.69904056362e-15
2.53717679255e-15
2.33007520921e-15
2.11251781699e-15
1.91442317094e-15
1.7487599631e-15
1.62338452696e-15
1.53288589693e-15
1.48281386036e-15
1.47780750865e-15
1.51138519379e-15
1.58332662455e-15
1.69239330812e-15
1.8124767757e-15
1.90833241158e-15
1.93019017647e-15
1.85169409378e-15
1.62542684662e-15
1.26806997452e-15
7.9932056761e-16
2.65963355669e-16
-2.64562624304e-16
-7.23855451936e-16
-1.06541867638e-15
-1.26884602839e-15
-1.35171967444e-15
-1.33973900372e-15
-1.2904043199e-15
-1.25233285338e-15
-1.25559734885e-15
-1.30888470534e-15
-1.40630337049e-15
-1.52022184798e-15
-1.62615890579e-15
-1.69656241395e-15
-1.72832726538e-15
-1.73182025076e-15
-1.71457120097e-15
-1.70378588816e-15
-1.70736083883e-15
-1.72438347859e-15
-1.74170450794e-15
-1.75158806787e-15
-1.73717213347e-15
-1.68659285995e-15
-1.60732045489e-15
-1.51911295607e-15
-1.43240686129e-15
-1.36786241373e-15
-1.33536374098e-15
-1.32885728206e-15
-1.33590600586e-15
-1.33830181448e-15
-1.31439796155e-15
-1.26071310401e-15
-1.1742279451e-15
-1.06716000891e-15
-9.54820678091e-16
-8.47308322735e-16
-7.50750084921e-16
-6.64278252768e-16
-5.86860307777e-16
-5.10238289398e-16
-4.3908504492e-16
-3.80884267583e-16
-3.4220430797e-16
-3.34567599748e-16
-3.51544033368e-16
-3.84828384189e-16
-4.08518123334e-16
-3.69412119367e-16
-2.23351216612e-16
7.2568152171e-17
5.40915067361e-16
1.17191617579e-15
1.91470020388e-15
2.69571432547e-15
3.41697082132e-15
3.97159290557e-15
4.2823684791e-15
4.31118809919e-15
4.06208912114e-15
3.58106178198e-15
2.9553755062e-15
2.28900193366e-15
1.67425079358e-15
1.18209885093e-15
8.47697855288e-16
6.76352840959e-16
6.27962577126e-16
6.68562567617e-16
7.57197957284e-16
8.6231063503e-16
9.75371135486e-16
1.10785926405e-15
1.26597516119e-15
1.47162391975e-15
1.72676594278e-15
2.01355565713e-15
2.2998854025e-15
2.55268266952e-15
2.73001649097e-15
2.79477232254e-15
2.73462733741e-15
2.54948020677e-15
2.25561243271e-15
1.88890311985e-15
1.48059321376e-15
1.07220487751e-15
6.88541560769e-16
